+----------------------+-----------------------+-----------------------+-----------------------+-----------------------+-----------------------+
|      Algorithm       |        Epoch 1        |        Epoch 2        |        Epoch 3        |        Epoch 4        |        Epoch 5        |
+----------------------+-----------------------+-----------------------+-----------------------+-----------------------+-----------------------+
| SGD, elu             | 1.52828, 75.73, 76.93 | 0.86099, 82.56, 83.18 | 0.65854, 84.93, 85.41 | 0.56136, 86.36, 86.72 | 0.50337, 87.09, 87.60 |
| SGD, tanh            | 1.56243, 75.70, 76.26 | 0.90136, 82.24, 82.91 | 0.69402, 84.64, 85.34 | 0.59209, 86.18, 86.59 | 0.53026, 86.99, 87.40 |
| SGD, prelu           | 1.73113, 71.90, 72.70 | 1.03180, 81.31, 82.13 | 0.74459, 84.46, 84.99 | 0.61017, 85.97, 86.42 | 0.53350, 87.05, 87.57 |
| SGD, relu            | 1.73231, 71.86, 72.71 | 1.03314, 81.29, 82.18 | 0.74517, 84.41, 85.01 | 0.61034, 86.01, 86.43 | 0.53357, 87.04, 87.57 |
| SGD, swish           | 1.84483, 67.99, 68.80 | 1.16219, 79.08, 79.61 | 0.82399, 83.07, 83.50 | 0.66225, 84.92, 85.29 | 0.57209, 86.13, 86.44 |
| SGD, sigmoid         | 2.20611, 44.82, 45.29 | 1.99290, 57.30, 57.74 | 1.81265, 64.22, 64.18 | 1.64811, 68.71, 68.82 | 1.49973, 72.04, 72.10 |
+----------------------+-----------------------+-----------------------+-----------------------+-----------------------+-----------------------+
| SGDm 0.9, prelu      | 0.78864, 88.63, 89.72 | 0.35644, 90.32, 91.64 | 0.29591, 91.39, 92.86 | 0.25897, 92.10, 93.72 | 0.23132, 92.51, 94.41 |
| SGDm 0.9, relu       | 0.78912, 88.64, 89.73 | 0.35659, 90.37, 91.59 | 0.29650, 91.30, 92.77 | 0.26035, 91.97, 93.68 | 0.23368, 92.40, 94.27 |
| SGDm 0.9, tanh       | 0.72817, 88.90, 89.69 | 0.36794, 90.25, 91.53 | 0.31527, 90.95, 92.34 | 0.28459, 91.36, 92.79 | 0.26194, 91.71, 93.35 |
| SGDm 0.9, swish      | 0.84471, 87.88, 88.84 | 0.37917, 89.64, 91.04 | 0.32356, 90.65, 91.96 | 0.29226, 91.02, 92.66 | 0.26900, 91.35, 93.14 |
| SGDm 0.9, elu        | 0.70608, 88.67, 89.67 | 0.36267, 90.10, 91.54 | 0.31675, 90.88, 92.04 | 0.29011, 91.17, 92.68 | 0.27032, 91.39, 93.15 |
| SGDm 0.9, sigmoid    | 1.59209, 80.68, 81.26 | 0.81010, 85.52, 86.32 | 0.58220, 87.46, 88.10 | 0.48449, 88.24, 88.99 | 0.42980, 89.01, 89.63 |
+----------------------+-----------------------+-----------------------+-----------------------+-----------------------+-----------------------+
| Adagrad, prelu       | 0.45375, 90.97, 92.14 | 0.25347, 93.37, 95.22 | 0.18268, 94.14, 96.75 | 0.13741, 94.76, 97.76 | 0.10631, 95.16, 98.47 |
| Adagrad, relu        | 0.45442, 90.87, 92.07 | 0.25835, 93.18, 95.02 | 0.19173, 94.00, 96.53 | 0.14991, 94.33, 97.44 | 0.11960, 94.55, 98.14 |
| Adagrad, swish       | 0.46135, 90.30, 91.30 | 0.27306, 92.79, 94.42 | 0.20226, 93.80, 96.20 | 0.15710, 94.26, 97.11 | 0.12500, 94.57, 97.96 |
| Adagrad, tanh        | 0.46830, 90.41, 91.83 | 0.28856, 92.07, 94.01 | 0.22595, 92.86, 95.46 | 0.18117, 93.52, 96.49 | 0.14721, 93.76, 97.37 |
| Adagrad, elu         | 0.47252, 89.80, 91.01 | 0.30820, 91.44, 93.13 | 0.24792, 92.43, 94.71 | 0.20355, 93.15, 95.81 | 0.16821, 93.39, 96.74 |
| Adagrad, sigmoid     | 0.74008, 88.90, 89.58 | 0.37477, 91.05, 92.13 | 0.28970, 91.85, 93.27 | 0.24537, 92.40, 94.09 | 0.21384, 92.68, 94.81 |
+----------------------+-----------------------+-----------------------+-----------------------+-----------------------+-----------------------+
| NAG, prelu           | 0.77955, 88.34, 89.11 | 0.35249, 90.35, 91.46 | 0.29342, 91.13, 92.59 | 0.25750, 91.75, 93.29 | 0.23020, 92.18, 94.02 |
| NAG, relu            | 0.77968, 88.36, 89.13 | 0.35235, 90.31, 91.43 | 0.29361, 91.13, 92.55 | 0.25852, 91.65, 93.28 | 0.23203, 92.17, 93.98 |
| NAG, tanh            | 0.71871, 88.35, 89.06 | 0.36584, 90.09, 91.11 | 0.31358, 90.62, 92.03 | 0.28318, 91.06, 92.56 | 0.26073, 91.42, 93.24 |
| NAG, swish           | 0.83343, 87.62, 88.36 | 0.37472, 89.60, 90.70 | 0.31978, 90.33, 91.77 | 0.28926, 90.83, 92.47 | 0.26663, 91.17, 92.92 |
| NAG, elu             | 0.69493, 88.37, 89.13 | 0.35933, 89.75, 90.99 | 0.31406, 90.36, 91.87 | 0.28787, 90.66, 92.46 | 0.26841, 90.93, 92.89 |
| NAG, sigmoid         | 1.58398, 79.92, 80.81 | 0.80345, 85.16, 85.70 | 0.57795, 86.85, 87.59 | 0.48133, 87.94, 88.53 | 0.42733, 88.54, 89.33 |
+----------------------+-----------------------+-----------------------+-----------------------+-----------------------+-----------------------+
| Adadelta, prelu      | 0.50889, 88.97, 91.08 | 0.23574, 93.37, 95.37 | 0.16194, 94.25, 96.95 | 0.11686, 94.76, 97.72 | 0.08536, 95.19, 98.33 |
| Adadelta, relu       | 0.51021, 89.23, 91.20 | 0.24130, 92.96, 95.12 | 0.17084, 94.01, 96.56 | 0.12696, 94.25, 97.48 | 0.09700, 94.55, 97.98 |
| Adadelta, swish      | 0.52458, 87.65, 89.52 | 0.26511, 92.55, 94.65 | 0.18840, 93.97, 96.23 | 0.14064, 94.49, 97.19 | 0.10865, 94.86, 97.90 |
| Adadelta, tanh       | 0.51057, 87.99, 89.92 | 0.27535, 91.63, 94.00 | 0.20866, 92.91, 95.50 | 0.16331, 93.44, 96.56 | 0.13025, 93.85, 97.29 |
| Adadelta, elu        | 0.51701, 86.08, 88.00 | 0.29499, 90.99, 93.31 | 0.22822, 92.67, 95.01 | 0.17819, 93.25, 96.22 | 0.14090, 93.81, 97.06 |
| Adadelta, sigmoid    | 0.84573, 86.38, 86.87 | 0.38199, 89.66, 90.53 | 0.30705, 90.84, 92.00 | 0.26829, 91.45, 93.00 | 0.24057, 91.95, 93.78 |
+----------------------+-----------------------+-----------------------+-----------------------+-----------------------+-----------------------+
| RMSprop, relu        | 0.47535, 91.77, 93.66 | 0.19706, 94.48, 96.95 | 0.13062, 94.28, 97.13 | 0.09210, 94.63, 97.92 | 0.06444, 94.55, 98.34 |
| RMSprop, tanh        | 0.52255, 90.93, 92.74 | 0.22615, 93.18, 95.41 | 0.14642, 93.58, 96.46 | 0.09802, 93.61, 96.93 | 0.06689, 94.01, 97.90 |
| RMSprop, sigmoid     | 0.52197, 90.88, 92.29 | 0.22998, 93.14, 95.45 | 0.15075, 93.92, 96.88 | 0.10069, 94.33, 97.86 | 0.06690, 94.63, 98.41 |
| RMSprop, swish       | 0.47343, 90.15, 92.10 | 0.18248, 93.79, 96.24 | 0.11385, 94.58, 97.63 | 0.08996, 94.67, 97.89 | 0.06950, 94.37, 98.02 |
| RMSprop, prelu       | 0.49484, 90.76, 92.76 | 0.21130, 94.11, 96.55 | 0.14204, 93.33, 96.09 | 0.11072, 94.81, 97.69 | 0.08357, 93.22, 96.75 |
| RMSprop, elu         | 0.56853, 90.01, 91.61 | 0.24444, 91.76, 94.57 | 0.15318, 93.80, 96.49 | 0.11182, 93.61, 96.30 | 0.08519, 94.23, 97.64 |
+----------------------+-----------------------+-----------------------+-----------------------+-----------------------+-----------------------+
| Adam, sigmoid        | 0.40401, 92.89, 94.63 | 0.19197, 93.31, 96.51 | 0.12622, 94.12, 97.83 | 0.08749, 94.49, 98.67 | 0.06293, 94.51, 99.15 |
| Adam, swish          | 0.34629, 93.27, 95.45 | 0.16959, 93.87, 97.47 | 0.11092, 94.48, 98.23 | 0.09793, 95.04, 99.01 | 0.07964, 94.97, 99.09 |
| Adam, elu            | 0.39299, 93.31, 95.45 | 0.19942, 93.93, 97.09 | 0.13148, 93.59, 96.72 | 0.10851, 94.90, 98.41 | 0.08848, 95.15, 98.83 |
| Adam, prelu          | 0.37296, 93.34, 95.84 | 0.19431, 93.49, 96.75 | 0.13861, 94.48, 97.94 | 0.10894, 94.60, 98.20 | 0.09106, 95.11, 99.05 |
| Adam, relu           | 0.35320, 93.07, 95.15 | 0.19319, 94.09, 97.27 | 0.14807, 94.48, 98.17 | 0.10523, 94.47, 98.43 | 0.09317, 94.63, 98.77 |
| Adam, tanh           | 0.38843, 93.08, 95.24 | 0.20836, 92.69, 95.89 | 0.14476, 93.52, 96.86 | 0.10997, 94.35, 98.17 | 0.09930, 94.90, 98.88 |
+----------------------+-----------------------+-----------------------+-----------------------+-----------------------+-----------------------+
| AMSgrad, swish       | 0.38858, 92.44, 94.33 | 0.18636, 94.78, 97.55 | 0.11351, 94.96, 98.39 | 0.08209, 95.39, 99.00 | 0.06288, 95.44, 99.14 |
| AMSgrad, prelu       | 0.39414, 92.54, 94.18 | 0.20259, 94.55, 97.12 | 0.13106, 95.23, 98.31 | 0.08938, 95.30, 98.72 | 0.07012, 95.63, 99.18 |
| AMSgrad, relu        | 0.39476, 92.43, 94.04 | 0.20530, 94.39, 96.68 | 0.13842, 95.09, 98.12 | 0.10160, 95.42, 98.76 | 0.07242, 95.22, 98.71 |
| AMSgrad, tanh        | 0.39482, 91.49, 93.49 | 0.22334, 93.56, 96.39 | 0.15434, 94.49, 97.75 | 0.11139, 94.39, 98.25 | 0.08363, 94.47, 98.66 |
| AMSgrad, elu         | 0.41097, 91.27, 93.04 | 0.23679, 93.35, 95.74 | 0.16282, 94.42, 97.55 | 0.11623, 94.51, 97.99 | 0.08891, 94.79, 98.44 |
| AMSgrad, sigmoid     | 0.52370, 90.59, 91.74 | 0.27001, 92.68, 94.37 | 0.20000, 93.71, 96.02 | 0.15446, 94.21, 97.18 | 0.12118, 94.40, 97.91 |
+----------------------+-----------------------+-----------------------+-----------------------+-----------------------+-----------------------+
| Adamax, sigmoid      | 0.41157, 92.13, 94.14 | 0.17588, 94.07, 97.15 | 0.10604, 94.51, 98.04 | 0.06615, 95.17, 98.90 | 0.04350, 95.21, 99.28 |
| Adamax, swish        | 0.42663, 91.89, 94.30 | 0.19288, 93.58, 96.62 | 0.10198, 94.16, 98.08 | 0.06217, 94.68, 98.96 | 0.04575, 94.81, 99.27 |
| Adamax, relu         | 0.40876, 91.32, 93.06 | 0.20158, 94.07, 97.13 | 0.10988, 94.85, 98.41 | 0.06680, 95.19, 99.09 | 0.04632, 95.15, 99.19 |
| Adamax, elu          | 0.49787, 91.56, 94.40 | 0.22656, 92.63, 95.72 | 0.12805, 93.23, 96.92 | 0.07221, 94.51, 98.22 | 0.05266, 95.43, 99.33 |
| Adamax, prelu        | 0.48264, 92.34, 94.18 | 0.21899, 94.19, 96.97 | 0.13669, 94.74, 98.29 | 0.08332, 95.20, 98.52 | 0.05591, 94.92, 98.82 |
| Adamax, tanh         | 0.45856, 89.68, 91.84 | 0.23361, 92.46, 95.05 | 0.14443, 93.49, 97.48 | 0.09569, 94.31, 98.42 | 0.06012, 95.03, 99.06 |
+----------------------+-----------------------+-----------------------+-----------------------+-----------------------+-----------------------+
| Nadam, sigmoid       | 0.41927, 92.50, 94.64 | 0.19981, 93.98, 97.04 | 0.12729, 94.45, 98.08 | 0.08769, 94.81, 98.81 | 0.06614, 94.69, 98.97 |
| Nadam, swish         | 0.36277, 92.92, 95.48 | 0.18469, 94.66, 97.84 | 0.12301, 94.85, 98.32 | 0.09209, 94.60, 98.64 | 0.07881, 95.12, 99.09 |
| Nadam, tanh          | 0.40029, 92.35, 95.03 | 0.22516, 93.69, 96.82 | 0.15762, 94.13, 97.78 | 0.11784, 94.48, 98.33 | 0.08975, 94.11, 98.39 |
| Nadam, relu          | 0.36853, 92.75, 95.17 | 0.18617, 94.40, 97.88 | 0.13887, 94.28, 98.26 | 0.11219, 94.54, 98.64 | 0.09089, 94.89, 99.07 |
| Nadam, elu           | 0.40797, 92.36, 94.86 | 0.20882, 94.62, 97.79 | 0.13139, 94.43, 98.33 | 0.11699, 94.59, 98.88 | 0.09697, 94.10, 98.33 |
| Nadam, prelu         | 0.37288, 92.69, 95.14 | 0.18992, 94.56, 97.76 | 0.14199, 94.67, 98.36 | 0.11344, 95.00, 98.92 | 0.10100, 94.51, 98.86 |
+----------------------+-----------------------+-----------------------+-----------------------+-----------------------+-----------------------+