Dataset: MNIST
train count: 10000

Configuration: 784 - 128 - 10
Trainable parameters: 101770
learningRate: 0.01
+-------+--------------------+--------------------+--------------------+--------------------+--------------------+--------------------+--------------------+--------------------+
| epoch |         SGD        |  SGD moment (0.4)  |  SGD moment (0.9)  |       Adagrad      |   Adadelta (0.9)   |    RMSprop (0.9)   |      NAG (0.9)     | Adam (0.9, 0.999)  |
+-------+--------------------+--------------------+--------------------+--------------------+--------------------+--------------------+--------------------+--------------------+
|   1   | 6901, 77.30, 77.36 | 5874, 83.29, 83.47 | 3112, 88.80, 89.72 | 2883, 89.08, 89.81 | 2143, 90.29, 91.52 | 1766, 91.74, 93.50 | 3091, 88.82, 89.72 | 2162, 92.32, 93.97 |
|   2   | 4017, 84.83, 85.03 | 3073, 86.95, 87.45 | 1628, 91.15, 92.08 | 1715, 91.02, 92.07 | 1208, 91.77, 93.20 |  988, 92.07, 94.53 | 1626, 91.15, 92.08 |  958, 92.93, 95.77 |
|   3   | 3017, 86.83, 87.33 | 2372, 88.36, 88.90 | 1330, 91.69, 93.41 | 1381, 91.80, 93.46 |  996, 92.51, 94.09 |  740, 93.38, 95.95 | 1330, 91.68, 93.42 |  706, 93.72, 96.49 |
|   4   | 2543, 87.85, 88.41 | 2059, 89.27, 89.77 | 1141, 92.32, 94.19 | 1191, 92.40, 94.24 |  869, 92.99, 94.78 |  577, 93.85, 97.00 | 1141, 92.30, 94.16 |  555, 94.46, 97.41 |
|   5   | 2270, 88.68, 89.06 | 1870, 89.95, 90.58 | 1005, 92.78, 94.82 | 1058, 92.70, 94.72 |  779, 93.38, 95.35 |  444, 94.33, 97.38 | 1005, 92.73, 94.80 |  448, 94.35, 97.89 |
+-------+--------------------+--------------------+--------------------+--------------------+--------------------+--------------------+--------------------+--------------------+



Configuration: 784 - 16C5 - P2 - 10
Trainable parameters: 23466
learningRate: 0.01 (0.004 for Adam and RMSprop)
+-------+--------------------+--------------------+--------------------+--------------------+--------------------+--------------------+--------------------+--------------------+
| epoch |         SGD        |  SGD moment (0.4)  |  SGD moment (0.9)  |       Adagrad      |   Adadelta (0.9)   |    RMSprop (0.9)   |      NAG (0.9)     | Adam (0.9, 0.999)  |
+-------+--------------------+--------------------+--------------------+--------------------+--------------------+--------------------+--------------------+--------------------+
|   1   | 2557, 90.34, 90.89 | 2337, 92.28, 92.83 | 2417, 96.13, 96.61 | 1893, 93.12, 93.68 | 1581, 95.65, 95.69 | 1263, 96,35, 96.77 | 1981, 96.01, 96.44 | 1588, 96.73, 97.43 |
|   2   | 1487, 93.34, 93.94 | 1174, 95.19, 95.71 |  680, 96.98, 97.76 | 1108, 95.45, 95.99 |  764, 96.41, 96.66 |  658, 97.07, 97.74 |  662, 96.56, 97.72 |  552, 97.45, 98.30 |
|   3   | 1113, 95.02, 95.45 |  833, 96.11, 96.64 |  497, 96.92, 98.18 |  799, 96.27, 97.27 |  613, 96.90, 97.38 |  512, 97.16, 97.94 |  475, 97.31, 98.32 |  385, 97.48, 98.74 |
|   4   |  889, 95.84, 96.29 |  665, 96.66, 97.15 |  380, 97.22, 98.60 |  635, 96.81, 97.72 |  527, 97.14, 97.79 |  428, 97.36, 98.41 |  383, 97.15, 98.53 |  307, 97.63, 98.97 |
|   5   |  746, 96.31, 96.78 |  564, 96.86, 97.66 |  311, 97.17, 98.60 |  532, 97.05, 98.15 |  473, 97.26, 98.07 |  368, 97.11, 98.28 |  312, 97.35, 98.62 |  251, 97.75, 99.03 |
+-------+--------------------+--------------------+--------------------+--------------------+--------------------+--------------------+--------------------+--------------------+



Configuration: 784 - 16C5 - P2 - 32C5 - P2 - 10
Trainable parameters: 18378
learningRate: 0.004 (0.002 for Adam and RMSprop, 0.01 for Adagrad)
+-------+--------------------+--------------------+--------------------+--------------------+--------------------+--------------------+--------------------+--------------------+
| epoch |         SGD        |  SGD moment (0.4)  |  SGD moment (0.9)  |       Adagrad      |   Adadelta (0.9)   |    RMSprop (0.9)   |      NAG (0.9)     | Adam (0.9, 0.999)  |
+-------+--------------------+--------------------+--------------------+--------------------+--------------------+--------------------+--------------------+--------------------+
|   1   | 2916, 92.56, 92.89 | 2441, 93.81, 94.27 | 1970, 96.76, 96.92 | 1524, 95.34, 95.99 | 1299, 96.06, 96.75 | 1316, 96.59, 96.99 | 1627, 96.74, 97.24 | 2071, 97.03, 97.60 |
|   2   | 1240, 94.81, 95.34 | 1013, 95.73, 96.53 |  601, 97.03, 97.88 |  772, 96.97, 97.66 |  621, 97.16, 97.68 |  626, 96.96, 97.76 |  592, 96.88, 97.78 |  525, 97.67, 98.57 |
|   3   |  924, 95.78, 96.41 |  750, 96.64, 97.30 |  428, 97.56, 98.40 |  578, 97.31, 98.18 |  481, 97.34, 98.20 |  480, 96.84, 97.97 |  426, 97.15, 98.35 |  355, 98.05, 98.91 |
|   4   |  764, 96.49, 97.02 |  619, 96.84, 97.70 |  348, 97.88, 98.85 |  462, 97.59, 98.48 |  392, 97.47, 98.53 |  433, 97.50, 98.43 |  345, 97.61, 98.83 |  262, 98.30, 99.20 |
|   5   |  660, 96.59, 97.36 |  528, 97.19, 98.12 |  273, 98.02, 99.07 |  391, 97.79, 98.79 |  326, 97.63, 98.60 |  380, 97.83, 98.73 |  275, 97.91, 99.07 |  203, 98.28, 99.33 |
+-------+--------------------+--------------------+--------------------+--------------------+--------------------+--------------------+--------------------+--------------------+