Configuration: 784 - 128 - 10
learningRate: 0.01
moment: 0.4
gamma: 0.9
train count: 10000

+-------+--------------------+--------------------+--------------------+--------------------+--------------------+
| epoch |         SGD        |  SGD moment (0.4)  |       Adagrad      |   Adadelta (0.9)   |         NAG        |
+-------+--------------------+--------------------+--------------------+--------------------+--------------------+
|   1   | 6912, 77.16, 77.27 | 5886, 83.27, 83.43 | 2886, 89.08, 89.80 | 1763, 91.54, 93.10 | 3097, 88.82, 89.70 |
|   2   | 4028, 84.79, 85.02 | 3081, 86.93, 87.44 | 1717, 91.01, 92.06 |  969, 92.88, 95.21 | 1628, 91.14, 92.08 |
|   3   | 3024, 86.82, 87.31 | 2377, 88.34, 88.89 | 1382, 91.80, 93.46 |  712, 93.90, 96.45 | 1332, 91.68, 93.40 |
|   4   | 2549, 87.82, 88.38 | 2062, 89.27, 89.77 | 1193, 92.39, 94.24 |  532, 93.95, 96.87 | 1143, 92.29, 94.15 |
|   5   | 2274, 88.68, 89.04 | 1873, 89.95, 90.53 | 1059, 92.70, 94.71 |  440, 94.51, 97.49 | 1008, 92.74, 94.78 |
+-------+--------------------+--------------------+--------------------+--------------------+--------------------+

Configuration: 784 - 16C5 - P2 - 10
learningRate: 0.01
moment: 0.4
gamma: 0.9
train count: 10000

+-------+--------------------+--------------------+--------------------+--------------------+--------------------+
| epoch |         SGD        |  SGD moment (0.4)  |       Adagrad      |   Adadelta (0.9)   |         NAG        |
+-------+--------------------+--------------------+--------------------+--------------------+--------------------+
|   1   | 2537, 90.21, 91.18 | 2316, 92.07, 93.03 | 1868, 93.23, 93.81 | 1957, 95.74, 96.04 | 1956, 95.54, 96.12 |
|   2   | 1469, 93.25, 94.04 | 1165, 95.06, 95.80 | 1114, 95.29, 95.89 |  887, 95.58, 96.63 |  660, 96.62, 97.76 |
|   3   | 1100, 94.95, 95.59 |  827, 96.04, 96.69 |  815, 96.17, 97.07 |  706, 96.50, 97.40 |  480, 96.77, 98.09 |
|   4   |  880, 95.79, 96.37 |  665, 96.49, 97.27 |  652, 96.76, 97.71 |  625, 96.81, 97.73 |  386, 97.26, 98.57 |
|   5   |  741, 96.29, 96.94 |  568, 96.71, 97.65 |  549, 96.96, 98.02 |  591, 96.97, 97.80 |  314, 97.31, 98.66 |
+-------+--------------------+--------------------+--------------------+--------------------+--------------------+